718900470854536219957842646632659988240443894450
83103845616074810515592940321134299394543168686
327985279193480705132194625051231417487011494937
534503347103250240902695570394523379945730842998
447834862477133328257250290119395654838548414254
398603230531263064192500670239255833631900498185
266191655859005923283279644092554857681186897171
685662735371882481181380258640972485057422331909
8356864061890557219125581394595770175183268605
579843099460148498233349198630251526682796603047
361971192856584886832334983734208238155777139541
56349508356142587970797618175375545057949671431
525909683981527508513361844014169694941698508808
628369752379048030523565348548304046844251432059
224057052662829581377661409138554762617121691118
298357351531229118441052683381707335046589200386
282001106600184635656108465397204197306761834190
377041574432150696952836825032751930439456476073
196563118688978616567946707740710295893832075462
213504991228853859035394523772158248828039217367
580908905950451308981383822368590275972670008881
369845872235949986649249155199829867881333154044
518981499673590883750114736831290272308085396175
214879686233252940390237916077918578678954122524
367531653019501893265194426754365819027810238543
37503525368762142092419409913974957039799207880
254654097317410612761766038607363311140676486474
437887142229924734673769146378045575384438892680
37567602164506925681264336308723645416891627196
704051124048351493866116570950900220445644344852
525908462066927681605634371907477636547502251303
162279860876350153660355908032763135326786379512
275876426152247035816394409023451849746797767527
242713367969407599387611415409530444197576299464
292699257483207108134286681952595191296610951055
285020700980753619831175014602707384772306830235
432478445907313528753833040722387630520299738937
499514306959785081976051422533074413248110612320
130365329499227955564387103221863763148151071778
653702255460337099589932421946441533237711580803
24342914357107725562973175123923916495681528659
207496206881554682320929628156996201898349208841
664767335463668510806808140594112693160865349347
81843172501849427806192021284056963106277494279
708649476455727410716777547976715912778352543272
662954497878957149185230137197144348977701246723
686330794209501892301840484568385750924822611104
722257635119247813671612095537255602012391724579
473683101915103400292770668825613994051525432209
129703715337006090754285366937606999058075465962
405033222811028072053077042721223986949209966226
554142973057430093933421341638101054997642898470
547113465382370091051244284099970901893835953573
393264034998763261296915949193021728249729895245
64625989670382530045811636617443530110650023453
26745273311393715652691604720549191486573362041
13103406415322436256528988732814995708971301759
529259824873154095334575734101592621379540023596
231829108320192710903931432758250980526046297238
704802687355961071252552994054781571515908476842
90800600390109959958804680506322708132027460749
13183745451442689528061477189696352930705441510
644244115745914628614110985610679662950254471977
125704936017249121077071124057494762065089433271
550846471773000080287009968386090865289971762368
662242615449170923051881908438749060037429489455
114293295105854941858702312523041274221088906428
633453707011953018845916921523528543387092674214
402670127010301362560361649925809508171053787265
32830413302710870486828080146677228720610285590
236797586280961335492867632415929865921776141614
405932147676360981051693661812919627152833733548
596908361892944210800171498917982248510239692516
225435953581697125559012359830638931434449960995
722850261969885004334390648587446713428324676313
607757473764222780915393722931862708572726433304
182832752689235995087231980475759222060164718092
438775514326325111005817387901202656228455374118
211021612230937325822633596029886365269057937084
272389448531979096704592589300093332572171641843
375798589383056846075995828371347133373911686402
543878560424866231258198766359448670392717838354
616182972259483331493222497352700327355051788215
301271704647370401495499055352766653155475719031
371940691735333632357941874252975799119476420485
264457258372975767828890750614679618307407279606
545803473530163681911876131382532915635975229973
402216437154899689446040248601369289905288145889
396513208331583548271326171927905486413813804888
56909776582317802734479144596441820699039572734
627052911048613693189324080640401361644351630383
614749737739572816931509470666247475836637977004
7766181374865958068502488695997994280005719776
369472609945022009618873712533299414634467372038
483002139214450664657139307152016243023491939049
710099055623997958049720339240344419487417963965
115597735695210299658800923752208907611961312032
195099977636176393271206913854918905765556473497
74583601832304515768086067415867554398980520416
371105551774955043159134321779199649815639045570
618932633986561841474936941195477395542764214871
461304561630903573529393611890940491383063711104
302569684973833771431360944220111704862002435187
586021425347292427667883870233176297051864124690
258340172208287294310837862803098760043768286033
104033055702784694982806867365580160875666219743
627089385546646062461194746760879616207444594838
463083058141096148152794578162612477195252770863
639311712884110557076886120857689840124896095625
601663376772395570806677498021323820683996647498
376151860247130217811771069245697657019995239769
616133369111669956059789119412831826817161686360
204281240272308586602150786182331009312538504151
409278931612341029223932371298637980798211480028
455450177719754957253412102550024941551527275545
347003158580856001863178037195392373716818169467
320399595013423560545238678894809856605730638017
398692999523990899658083252485600025193472786067
130866964782443171566791368543138700943533306394
144674798841517002291358684823878362893905537951
375946691751892330692320953679787968460215911428
354221645363331615380788441047341623813953282962
450969868999323817270218001974814325697441031567
35099086990770827590574623939910543672156779443
275407597816439964886024719347757809142670589133
206039020380967804856361514418157080069285051433
163973970507135806885644972011513552192657823645
495380925406477993287880251737188739438696194762
408188492582254917383178513858316049586005251402
366548885372794934730919856808771167084919524495
540129854869480082954485747119218793694513664102
515686178850037347078874231118294762244337131916
279001663906916381894971732962757784003175358493
262326846573353457994547076738249864613413900592
147986738758178619386627116165623741139925476786
434776075546588355357827641677630592985093936353
519452454423576389672290859700357652588578699632
313229111244996029476137403829491183386070536266
567041626044114770382421587505917958071201168824
666059800604196436309400705943358745110748650649
189618170289912776042560283538737614016773628941
579024185452085208561807044053491776825446245422
66064108682897936737578478545394633650384380638
308564931700945524351518932750682374791567910379
638202633636859612682452096857089436017630904747
509992540340474067019510850487759424352033209688
575883337425928634880121482451339179295334321676
155874849233366071387951644261096601249687193494
289865576566647070091158005016265288177025748758
214104793650916987749172249475317491879433131078
201628368837501585477310984070487797041906721533
136103113742266060057385886011699393915025571963
440459346952336005039059164735955997650751270819
197846131001354833768630186535431138516818568399
531141674151613098979040154289909263093248567432
493037095764199659767323702913724755066936602660
430609977980513767570383459115482487795961118023
111548294087259625330376775790807157896105129846
729331363983532563468620714513625155683714991552
317842991556161247338698921441966559211552488504
621019905608947211208340939487890807571736430068
279336282881055303530699382641299571279966907425
353526018585404338657310502253375063971493422534
438131347912767758104719289471021283047124631834
198353987746500725121609769426602906406079330385
698866997360504637807264800697974366422790839688
243307123238285135351623312555981412255679315669
301266102603392969427989762121205481054417490745
220362936306990706808930507009010672926005961181
211415058273340621674193574515964927958016115958
111893273954324797385803994392450626710408536769
65485283799008940920177413550648382473056954025
719760545073902353053158478821257677288614708001
333870561984896046268550102672974252730061253434
566620543462143939519767780470502041583103392847
193425720081277552974260685214186589835129365327
209392808517574329870530240655809213013029935019
417950158925061298526373248386065616034077476352
195239876660137939129544065481237238924838162945
669746104375500104234849744158721506131739621178
173825664473908231472359626758769863727983354831
306910717554612525527094975659012143760864239400
141218070513247467705159948309865320753453150889
415945789770724465092363065818531472443014608264
141708297595140631516115977274259417570837023781
503501304307581859655994557615489067283659640827
18117238155376212235312957668027371003119865769
516576002116813977145213909923288842345879985616
160213058919928748457947324958054320024426666345
596763122150733524442052395076615520278786621112
672784742902763006667373319936866832205012763902
658487219963469523986139274611846029580032705449
338454611539621109012356170907988774088272391739
3919950334713315401497463873372600379395998992
160316656477508488915635031214748339723635927963
604662429913102729557390435949270259521395042100
483784281029467520436156967687226662586131435603
684978085724046698528975855741253156566498229738
458676816024560853555420696451257156378667949277
558661882555376139030671624054001373245750772690
279976680169865598808373677297051145178755630410
723932343280768924969319840189969719052569098456
244629106858120773038540873602135708573744982895
201010015919118041103502215765188390873012387443
639587250469744799388881472119496101123028393917
51392427719705229025733522259529897709385083262
574171780080392649392555646883289817680033966138
258370542469082860075086980476464742890101483553
671534907179569215544496540515878302109676743550
110173835895060377005591716162088618924132523393
479485038507816105704780048252360378165526483765
293893732130561588592992815058957699131762695247
396707088394560409888684691869569438644471512524
621925650361363613912706166942106404948617235039
132544870353694193266955195232388952481249588033
668324651104330421135396875844052791354036738571
338190499046653956600763613283426715936097591340
407040031047409177821003546234643175339048524108
467356935114921036346692319409123805389655667365
341786629079402293145594488232518979923570921754
309046288229637496719781183907051908549667096109
150203297065524349537101091362847146094747199835
512371846353027025462876740351143577131910293203
437788478692041201071803522513540364583181773884
47075662439546685154553305074110633136197420430
461461656451310774117634688344012331821016018558
161854148253629630252018250736489581939223096842
706317307269720531486754302926444101171962501123
179474880944525165401014621214805245013375269826
222637588257555307722708158787944737918248613736
407638641886337593353144816915610858646856410745
308519674286779541106178164273769258465674352957
322533238668775115353220352597738154698984712486
116780393158890962694506054663368464544672153820
263563172044592356024173665223606290695184955774
585392894276802714591989273011445418172027760729
355811216340122084781376403132813502817754125804
315685021384963446156367132546070611460760501691
139809177455640555816588416756846494524800786504
152181854910432410465934441237828996205179392890
42409843049848288227573996207376730770789180301
470505809381777643484998048884616367203139199865
375743657867314676330162581780404052486789494781
669727806981861551915352335851599815389860470714
625408351989154049232359784358888795838693237945
390806972048411180835970536292799259798514431766
235602369284008759965554380085150946593033524919
121661188084698281455393243321625771005530121503
158562936358582214377396956584856357485312732230
407638641886337593353144816915610858646856410745
261837644520988400470432250418704291522051953462
565275230286729447974959535005544059806824736924
715661369317108156072228760008876781567509166156
624031513481289158000492123206424262719633841243
23597077256789977530270994729136514451443258109
502340019370216934700208927973703839887573237778
41357407343079541251583673655311334388522159890
675823458701386772259135221849471595858360994500
302916482115368018232323325650529593724626581354
13183745451442689528061477189696352930705441510
701105176975091956802592569114295346820641750163
17443193658994734219432027531936653683385143072
89315674671033978306317777570316264807804693384
325641066572022675050751340700992622340163022171
120819022695103985434335589796731713833998512605
420366129879572623612042997515490669428733872649
112875977224238610385442442766030663159691959338
485236563267210820753220868475797085258187712559
218865301340496308439265896250981632564519834652
92500325752159181558777751431446542724498651347
503390563391247017764330369439442337036425870428
518611036768263821859308591521118969908378049039
99711844732247495599841364301478117457898203733
446542406265618037988582860001409155709685112382
417054547231341435350173589483376900226183341085
553026239191479687718796953720199179384931438280
286433942796440391926940762535712180873653002139
624329981424233520653053270594357389842418387268
603963850301171145266727228902795442879620465837
273827263555300452772815069113736437344624097070
550816467495612603998374459876020653428459979233
539404642997441630591868599756128017236810327623
269090529470039888531990542077941307115623999589
212337562470816668311333335427309812945474263548
719125664368554365210418019759907020133558484495
474393347297310855605648606930029238370989104238
531287694887943066878711183519252905757326875973
644708004769324538010038158337902983405571480503
373363931496520037458905379261733515342104696576
651568664163950906437562283559385198471117210107
678886657009869148975263034290471440007294310112
4287878132750199364372746735060333476818583534
684956529060030919975901863178567619634804429857
617168643176514679893903728238077086205076806797
465335282756879300859057402213436143339235616129
363909158388519576910034844254838670799750418333
339114899859353267280240143883738223711298798127
149708413453394492048524472837884445015728905302
457230033018545548685578705418905638594805626352
274074494682240521991635741856139756312381893512
529163403787535749076737529772155443642283914489
433645179436557670097962564153659792245676992645
212801796160746574559575864140978626758223368555
553209914656368282660157021832301653089722299227
143960671325579667068094122583139869153861082116
708044554036803053997249162697489897131109863772
193742735090187749927738249860131015681772080475
567190476220576961774163671964328173154519235501
472429478614770165847459430693494322381814965296
39642418866593196385267507795841671490211190913
704785980356442271755814864248749574621706108975
14215712455081981812497649408679975344129496913
157026564575141058602979023652945406505221677521
194224443161076942517674432293561131971611424909
28930346382791854104896703476983266744958574295
193045334849653329332243533553885000875661552191
588136803111586095691207652119096622042463065971
300464729527504447542772813878453798616376134412
40454745166759960796124877700671333893675400575
197071054713297487153860973454943519874722101861
27489420200686461761608903765171661743881191043
484094134095627104235041353335365170634950350458
528274738114205948737750028240027634526385003536
559952326238073937248404990837000998247041004447
628419548096629676772728374537686855625091104979
348702326069655746942550130632673174834121542240
214416179544715727607306670146246701403068653902
376525063368727324743409160199153725519326160682
490708938704027044313886402587107143668994602617
233885005804784982691729339626403560286690146250
219692503789079655315100631449449097446306287028
532817007824806495532641133924259684239614017407
257493575731960443420163620999712033715413617445
313668026115238792837263576202532446305926296636
681599123464131836264409113737957426734767340092
362605912310526464175129966602627347370503915923
689658030788554452028583335850773617669396201992
515185330023045754526842639697988623564951352236
26586129828614026616170078088781311308456864174
502107003652214973466998200877446443763409936799
679890782487595936569223439589804644699974924169
429651680726385173211810954106682010911343213440
625939209002138765302123115022958837949406994826
28785726217983261308944990454136956121087896742
342520211357669508105144101017298219708993727191
527950037045835796515742371210614206158358280962
435504330743018051584107794379267770485405020677
646239853402435254580550822797315037089069836562
140722996625586958001014404151811518260573855376
306618274345800128026347906014528867922837923636
226425984483562796985626128391804661154588768747
13183745451442689528061477189696352930705441510
362666499696852704855387378216441266088869884730
411319501530267976588265359666505107336580470219
454909203248773676675351019445052666823168877007
664069599506729689446776457447869910287383704183
260832144714509013050656076538462280786256648800
232588548611078876455167345797858921034123296204
102471458840917297162879287810044985746381428435
125135131834256284777553885274915240541652969794
274115852687987464198898859642491347211521918954
466152738287842443513259065424553299512316819494
676453524640647083051846490964177712075279367343
209051694996043179654013875063159797726432387250
321205040414790648418120865158808565939363356657
439735080966896671945745519200163777486380592486
317789878134154287493882132862264920367423109090
11026619044849830194960872747193869380085389717
681599123464131836264409113737957426734767340092
717458789560487406553762772478108648034434529565
137729913373327591667738706391039835824782114068
283824376104651812381425566134154867198394944637
160845016079925503030391920674843059685784002878
26139142817451598509073601994684292542242343735
216665677583172253840071196035005736624515281372
181307121539764235756528234472229370738266411445
304644107005577178333779619677331566542283241706
617783227717206446295036251605496203711650918042
169010482670631393202651459140756021117551748372
254649160570719302578332230448002106288760705087
157702713690990118129842582097257851366034387888
117757687427831710985550056919862532416460387759
459322189441527454184351119810667096399657000279
21652741312115903615051555393207597017351700254
536919019193018174280503807303759409935414285081
3670736263588632865969841818307489586229355506
604831153559145237670144754118113644448654240421
18602694760589526072463299193054538989414703640
192750793728076317612609670755520389298331821685
189587737864649516211784793251334366155833137721
51558383096947481446284920856132532079537766915
310936528314439858212808820209584806783269326898
135202943228489735427536246237038567784914000888
366023941926562629132164919252957886738083114284
173349724879773149294249775597515630006571967921
456457014630057839354481325091380715659142726975
91396906582279943681389274781045859533322949923
602745442635620485607490154185728894179478183169
336313677587265424731926726504272356710636657966
513943783822338674697432343184270480170210724245
94783380095140553966396004521742436626998912775
730155040644041163923960347347013503179122149530
423217570584845291367786331813160934736619301636
245815717313728670801256237783033363691476379462
261406622972168382954054405538564865465654294603
602745442635620485607490154185728894179478183169
439114330965440628938597749570435561951297920873
488954985328072776637329085684295146123592764492
650395654723520985036684228731790416123848080517
152585508163631749665954691765327213314917996694
60521191691581307186362754273520898138438060630
477481348996966613620895503249473274847317387625
197723336550517564866935582510128018647226807401
509821807125325410405749302724328257528278254500
483498870851626290747950638666298511454912425799
375496610974133545493250467538976911179975867282
594800977249295271459606457381546875854463020171
338530646285834648040119069389391280938063254439
384516622885315134545620875061158356066321744244
520676068338721776144563984774674548357862382543
70887933228891412563388727399545165701346521855
196563118688978616567946707740710295893832075462
640121633612961627436071978165792598052755682681
46169695055970571470319418040127601491983784969
371578338819642934084453994631189057518951727433
30751208106323808114264189654842269310032339229
564471385912037752782035348779895953323071966036
96473643433072847140132687004218256715368545353
577449142865525851764475741970258275613176366858
485561956566323659783343176297843072336170197436
707663123113596412243050775763340374528702921528
412606319479242065227394343339458363389141221787
80458798368927700217271634450394555213874012590
517451925034968629284298211197221691703737380699
359663972678844346554557292816274734057198792229
436910130997085908856897062928325617816540475213
79186434365168166599074196487561086202317536269
465234537252880177477823243706032899192121745624
136557778212772685596572376222024398751176944066
84561516981585825958063304110103792050420949194
523479121325751742831510742698337183574078194571
443257100260415087075680453122492788011499573003
487636527832690775062344776370077778426508553037
89907418854658742778252350351075038619814937925
46771915711560317322641218302052320322893171202
560543377011415576265597752744591885011783385109
496165885142373470599994410735463642104644897970
232056795800405862985702485379477359498266679133
208410503595071942369642587081994309112713632512
110927821527036190201749549002889735835326497076
471166716757182891103708398204166135337672833022
220489670143665420755717962647110423323891542580
178750515665749738403444275823365711454345522595
437214824709133669824274133905114936908398591309
498746092882146215968824327822045817350843063771
82191371388060846599820058444277785212287182623
682878282109030523123097759081813550416616788049
555678175491099793304058366339891450455691408183
40634641445092769675860232523077742348103131651
81069184820762245211955998386246021209980679706
678468133847539759430907531160277134342275151857
335764033465951760710898659566432534325253016451
155497437673977691302459084166825576252702699677
566693378271473286564355475453006092090126424723
134161662030435266652994192558091680925955109894
469692544949763644535781337495359111547697695393
491481385673836022496938321545757950779646447114
67998324707336507991538431894436118469478407874
690402472391824922142510442781240269166553939112
49015095498556843998018757530286740943276152724
346363323446978287515891918319462685854130207466
667537224626533982732514502300203415214527864521
719810920211350576246508292471743108328727699487
619702363312458676907751527183326970323683802382
326693836006912733056776132816304656544326703169
486292576475715519050974779782564714515859709917
352867691616439188031405484180967073129430451534
282319263031919465982049937463071319495133694030
163681072440955100640124772642178437912952994288
648721285070852938827242526785321649968506745822
90387959169771498509514128354419672016057537728
233827458857972723877066769478162933961615260366
378114380210493844997795562478347187811984611694
490946008663955116777985547511015328580078635622
673101075859802924656729517504879571125641484644
625519927502254196478721792246220963845544094809
496724220585082015285378966301973013988415847873
701464939915135537811791645856859975457018430862
374620880296705232923089512807464669695468728044
76829198666471880729949008938391092370688002773
489491898689127687911771659234969467169596566821
540390934374489434390965885480227532736851147174
550002116765303204366334802274636370680592145194
193049950866806717975059013165896882436373688584
278651453924509629703424560644510583767092788
35383914724289240015411412847886000917507912597
269617163607377315070614993440540275087310230228
635388496024318651882896868414294234456818182671
176143253430523400578654582951192040502639243059
271052480139694370439406871546415820792994602376
67262639488761383437677839865694329745211693491
510749215747717648926989869559152367723398903685
124013172683987649674098779206259521594155924168
647789797507044618703180524822181707960697701359
517255438850680136978031630646697412731798042494
58725957122843988790772358982600776185404683810
609174990029470529952768057666978379508027220603
313080457882542521924388202456440066251590209525
376120629891637939281836140684405059246035345707
496470245179700493489835286258860007911395107680
279472716669551505949816026029994101352617891328
293748774305535863517750987628786755189231864684
623917003394662689035203998749448957546239399564
664880430495665796832800937448862967811081308165
686058284351945333471092895220999859711218365783
531674677339784848750690773617724569502853705318
480575570444736600464454466175391606929863288162
335610117001874307356116014604245987471744256054
527159127931827691204548427672505706675304530476
538109109867705989207520410603125653089675342369
349831518269447842769886169394202155530998740594
165184748936154402131061015072913994242982305963
48489004575630003299281024767610409452911324091
336211177440772680000762866261448549148050316039
446930479535119654100431804531025729935508848953
679031921804095541383567015311939373227154684807
545910214948893042735941336770718951590674223163
4385508675062837066234880596138193290283545882
183554480337369822573906358264548380131662797729
574774928688489866216150317560323978433828578757
216078194087736198911529592490095223629377461608
29043279852243655381747559874744989666726946130
531571459739650947013958206409607115631032879698
706228786053601574126054968823544736231765588089
679287967169077778343467956049122643577577617317
489399248148275430425321110867485322627480121923
126415851018554051439216251318677676769623323728
557884350194683061749494247627876184109014124726
366887974933573595761724328344824352471618702192
405115884977334111879881512436655456411223113290
607757473764222780915393722931862708572726433304
295191968259913591180026801983636446398758311812
675177758477244091494383232781717875387038404452
634097393227576335681214940250092168973625721159
549678019623976583684776951326034110666044026363
262789533760734273548299703587578361969874185341
180352972345536666895745672902360215012537024144
250362458045205878945933115020884374602435012197
653005319834402619770653919977608536307187434339
15200709664353338559789950190344280131525788268
582066647138112169946122918863310959191542747867
458032022494153756431444406160942148383616921755
569774475182516872459690141157699832131501748262
536575807273861249740295760243068815407131876268
224057052662829581377661409138554762617121691118
485297142317491621683731256020042042739926163210
638837995291261257222225838859917612355844819891
144527996321796392592190584636118555611107506257
387905571426004056095115805172166817518258820560
299069019982888415083512699548267825734023441032
180713506953179567930262531008739188059504883113
316168452074419313198894666784383149054126631623
467978901684252980107148928230445391487398862551
372639097452956775546332732439041836330325377586
139861185149147458738706308443183664747066161310
282908309220250814581686103255530092709148337904
688871547088376690907424726198355680548031909364
379119487637397524682528684020288950231611192289
41706258518824117416410842187292986797077156673
698550932083976509363556804511069945666682955891
65879484771482029932735170953138853358453442443
237860343852513467589437674932460596936578303690
404941568359185941631564051528230865511021351751
83361247932345142688094933143861196699281213896
30084486464532731070358517269401016400006545098
225057838630862318354509160258785843890990539054
119097026613092318326800122883233363266807070553
451523608821343423335182570876209127050635373677
101541705910624040943343327364110651644064912835
714381683066128074131553555003157315252680521295
455375455721964341975746202820542978625900382735
400100272659940809406310300042394307136159080227
16560355769355938901641850586825503144707121539
680613865659080964255497428666852414423195678302
598289034552253987996036835557598272261288830612
247562922281535094456776875738556293566590086454
583616051327617343414291634749433136819605036349
288400833883979242679207466158106113795632370910
626486366906038043579473950772771331533455540616
513277392453790962792940828438557123172388607020
482962611817044785911400627714798664713326674332
623271639839154112976990388331603243903477073182
587312395530183186330849050501022222330720092274
61897850406471899909774252222230545977378816537
216291352381077258167586096939035652641656245205
363976986187946286607774489943740633189608823116
582720375032765660550221959598886124411256193950
268157051182985161211630584142121511971437169693
297781536171643783048255983560357554007616217413
598274018869972094675373987580923014165757571282
507429470956823551438521877592442408137882718786
38488839029691029706401561836523301375080304468
59843633044946160407828939154940848153491838789
433886999890813932406194273627347538765306025093
146211015640322059112382764281131915489145167438
502151918370969346509770485175655440357456895199
13597263631824544457060084870752656010411498721
237401209229329625534305372241206654824033230789
23597077256789977530270994729136514451443258109
252460252732601856847043250925731210198463688764
712788388409535396828206323263088326543803227174
602114862206286738260625866941168077591711713403
306595026338738298820520437831173968180545261250
56669901999591201491133717016462775900631557830
594292020596166945250924644777524190082229535409
235326672527301683008565065671229399466207578515
67357515306856268628785442740104095884501055896
482647947854045958929544583370421932108457140085
188860319485953262294057866910099618929674590830
39696828410703388530197424657883512992147992359
269487792927733338028405517985105304791302185495
375496610974133545493250467538976911179975867282
312147747406203416699917706566235739430509979788
725557510626649904880697842298075443941014576736
401400084277010009738202738578805245502872407634
248589158423992956844521177787979853316444950540
546691750800091266262701227876485362213769989215
222564572737027831466064206818031207143838946082
433313651641564078889114296434624783848673141323
334699495465089389959860323345817637459811617075
364531615787228469268634122181737510401603529253
380932810951463608702060641163611401338320293336
485731354015582204772245472344486952590283247556
92924834690708186813500806167781393825072419313
124407557427186799090425625675075690114346317672
588966711998176376403044063012071077364730724192
683653186675380102590485956246947988830633359868
33034023252758333564561321340058693434796713712
503481482110857701345820151454631913565355109988
289552204344172762389516555080340345360824557989
549085035582409264777149255179169054119330568852
516463310795218819437931632276408360426560980780
694650311102717537646324015540309764706912500289
60297270904684885191458714585744203336335072780
407964506514241068001407546078897229888151979046
56459889057066810687511440176342718171580649979
107921746444922291340769414639151887083826992859
92626531105381337727149043849157663994655958274
452682582735235979649931945995351845104006798550
56731755449908166892815614839237910733813700921
459744297938365606622936866241927819036559630585
261965258684125730262039506134215248135733962774
159891569147136527751622796256701313513170998379
208915893061714688807523330558505114040261917814
273103073330127062635895611542629655434514525558
363640902676104190679649701552653361402344384499
218473189600943539194548599667668770642657121851
51408804656671863385266002483933041689832753666
677489952137970071372948807679126208023518720287
672547164628312650971584768797489300533072753147
495509669165150230914524615406989755357916524516
432244273307986190566019102332875205417763525641
181307121539764235756528234472229370738266411445
236396806956535290571877108528533832871083666061
380711255283628158709046126204069672648227768219
173027099757385256011253085630092641883075651978
98386871082368764537008857865828894889068731583
19662998406156542128609353047355314515968032523
370485579650122677634771301145049504338257337056
199878379708026941290158985369535648194445729192
95408869370725099443563182712473307576621917101
112672259242318933006248730457832629638610147738
495837170183534741814634604562303996508907988976
472355961997399238740042961706880465321189755257
721162037115828898291219899019815076742218677320
368069312898562637707437065725433215015770909135
131033571029049224481262199125226992706149312666
719218352842060593993527135348718066356422035164
106969182272627321525936103621112340101792012748
55023694137167753497175737480690871718507769202
265433615828057743642806541733665702423479582967
136068584718219766722946635099077401413638928528
689035505015185418215626358829287952972031500107
603963850301171145266727228902795442879620465837
342253142886081432437837054622268871205635997268
656370092342731681067186652225518400456714759822
613127972387668756197202773745680020382898107394
602694647016896736163632996705474772819798000271
64534757676521412227238366057525728697153865448
458144404900894505707786871337375102931839457392
68072921455110184110351535481318649892454180584
124387491131661243743761554000422208836123390372
438101805818014268718414548449476993362562978083
104363403267315809461666837746034481006433526720
560303112945564084924621705351906306801762026404
19583083629621670479500282242519530211901511173
41691640923293565483342285005126099030167664138
469504954097424404255446944964408523234122791644
17152515671218008524174641976626459802029424596
321052646541553535452091330419937134208054574990
561334087158466941664364514166602880133386796638
392735862980137101163185275600738745327158200160
601163308991059818555426729012921043794091906820
294711872301486412818362917916201039104554178251
336408993584261779796994658248663346790161662255
48119001092543872888341148861628289500412491492
497983175114206008653039805704639054263998438562
516074400925857809797133705054924505220108500850
237343790787442976130841574853647070106283615670
559717047821493163336932973090453439493835032469
17119340883750578421585898049486212407519745694
162827204309966744014048373020229259319539042058
711215178362483957289677840012442574179646274560
241809394493591809344941037182148176703598315462
384869710107544673008563739277110669672416883743
472541376011159292974772633941155797903112958050
444574660650013233389101600914287715563595781438
727111166322783915972887287755483912241485498611
464877884684808764793116016637177801445195152803
266658314750030333256289084532108757428984915306
694700594180015186297636345454789267463796275563
188979640701103318257420207812561213568011477796
27451947221178250028903617798908282982265566752
510791322972189126396756790644220334631675106619
6164239205561118462959459556957238965086664633
212351643006984102392623578744642558617589955279
254750705980274222558053171637484128181267975394
576661419757897570524241084609199813031726454390
596152412883866047192705539342452059343422156050
695107543574328635021444759090490072949927344749
677902442516800268861600349520742940035344240358
412499870718240803149861714523205053161114402473
638794083446100619524825989448156020095736084263
59986614369571303460929561513879581077063849011
302634782570165762961936872253366030639101187377
277411244042558812577312843198177191747163060939
408798139911635327595778523280311730884186056861
527201377988800687862007013078226002878156219643
115609749668824057145233949644706850894185350324
233591802378069893740771223520892477003319421229
355920329369851986140593448162758254551396818553
450794861584497009021353084776075627579100028532
708782489644787186135236142437503764316298470326
641199646737336734114973687582300514357991318883
10748778865351734778110859257503304481596683843
95827541569266887680206513664078739703844076038
555077939243586310703251812976318977271771066894
564462964269233852326944669841872622843590135939
117731038081587191453241692152796294404425263007
124133065725309742590151684019714701446897688471
592920525506972869669756679113106232346953546155
555678175491099793304058366339891450455691408183
248685146378481817080166295286998390042147042341
644496667796265547518165375760099731215992526197
251206602150595840919562486463915730231063676195
157876665862214433741519884805409828319391183125
378076068501337968253151666396223379902924042781
502607928585267299910179639418921491382632543504
326871750452472648389787207722341299700124358125
639934359346972765740534739300154571765437457301
615865863717424429689363924888143573950957154667
91394158999842066585340472384991440843996030267
272004954690706351750538612976511628205581335947
699992203145259273722000568678143175381868736707
185401046381545658188050967291234559694776051321
204608836639892203936437673821712527409655323369
181849950096253607691008018232382827796215583738
570670487534724500204313016460891771462465924984
259358721286457373816707247419826470001958814642
21152743206518906541740728798978913228833633941
393693652379525929059677936396437083353218379759
625944798034772982022682619313444297964671685892
450159791744940067195469970628100170317032558749
316037820389170652296909864501014255612528339742
403124406902336190093255932752004544826340672004
688622753583453217666747429454717842205161118097
81707659925968446365756035957764488356495554312
360206895681483041569359130410919929957127665654
621165066142136913636463724157385867132210520692
507546958661291447734660280650819977850962000555
682461126552198569497344590193099739705009505244
692483913814801974337270601485276978625978875623
86951832077616597125889725090918126001265661228
677000240808016534659587892619651367768476161989
674414520681212845432301195849941084572784066658
104065585145367631406170215994592138393541325961
676594319199222254504721676386355037140465056592
171228656280287302567324448806735202492864310844
437766354591566591995333731421154271012126817484
691675994701300640703690113037430570038716315210
709417398096056280236093968913906347429735783223
621799883795754506789103566436190798525960393474
584928459373654994032675373578048918088303355682
406750705929032912866824885068852581758411247667
318286449723168715927576258474071554594849366294
173303161208417643280405071391068199686102342735
133360741832457020761307008517456075349515785811
431704909682842235713383259886067029182794815546
535051945601589882611518744961167371861607588104
638781404366949016753581104067708464566780456449
458961047241600488056642987407914133776415930193
246144835232914660621794190311986720182690899664
557344679221613823305246481893130546752476821288
510827242689612660318626460049516437081420148944
253227783189913815021581995992784282888171695291
460225109156074005127980162868297557800672432140
575073063061413398452406117063845036498222692102
501325815269353843385139795853804675373021414546
723973012106451309757797748793052394944722187012
156012059977692422650211957286821635208694995827
379119487637397524682528684020288950231611192289
54377077521463808243644467494548653369039733519
16697051727390775783689801709480077461142868454
277411244042558812577312843198177191747163060939
606010876150262706949886737769211349765839181113
178545245659033304779276315405361793009170230914
70049052133512611918524509857107481799212433495
640007480096079985163214300835140164678360235458
262155993405751414774921877875750026923532462284
33022098137941826276577025377288044909522112526
207486312973765984000156866460132845571784941743
137115556287475863229610484239864372661527095470
206039020380967804856361514418157080069285051433
254289837597516425827841512504475014740163819480
514565141219904370831566893978822711192698854096
380478412536596786182228621912270836031316442500
136983129756687766177310863781159164557802883608
530220870076562165073843146585210058314242899635
440609481224364969679341334687461084309312665894
376730477316014489580462327702393630344951804917
180821713014280093943539191403324594541816684357
603830835921058098987763869178237513218877167619
130129471211598581353352383704830921639804460199
32854082951164753709534553053831595634593563469
700886999021726965485355770456772711170223692883
309358175818032496186412898109508377379661895401
16242396338471489082026959244513808497400593151
63479474604106913212499715722763675231010243989
474072656765488800543636751163093973935264851243
118087482045464239496510327053502686480273577293
123093124121098905110095227573388903588908402163
651080481166355980354002828251125778919153449809
633038340083695766151012120973169785884412799082
102306115590779437197811427736285968217627907261
351229276363135365761411868449674717114045017177
491327933294228339507345365453189563493193858645
479451079041970711239625106682965677302176461939
592936169932406613447967239101130818557541369917
36949328551649923505838962263655780280295993138
408437082300993634995903444562833908786928729605
212836906922022884982231898740996744185962343970
521225205763075843874481805664162659631444591544
1984519527954900416029771078773745951447412801
697478113597940162128736271896044550673583608737
37657607778659122437770710955162430029977998298
567962836482196483454114612023864799512441866244
425015928843087412734179653566553978325127842822
52402113148301737757864532272666111454751164625
1984519527954900416029771078773745951447412801
686213938068272842112412770202082788186513860578
387474333160841748565224647043843457649890812836
101150740313585927442056085406848826102720778185
365200219613535844588740623239916456424023585394
393451883590103606259469733455963759528005845925
151063908013910982710710830371702179141570931695
200232897272915555391204221598143073787653081906
186199349408697614112377769188989865778685833245
184757918276606160232051705085015697064470019312
327409594706086349975110802974886661383728506363
476113149650258986958256123811417398436345428725
419867709302933837648658391713700825503926318847
592416474646709658774784018685519045495924960496
553856155909970558167368138275588893119127448932
711770127032205405418982940714132539980578407546
263560792568462176779326436248371077340559092242
219274274575016672038025728446377312412345575211
252541621129520610051429174834985199270132307988
102125979664384122196406619370430015022376310861
536902999180599887485225487357645697085644032237
478533822321180295216553092605203230810773677411
428947829224179533034609257901134284022820776090
574774928688489866216150317560323978433828578757
718242684951422158239044225535020488786538201078
556553735073915888581341686417501211008049450723
304441106202174771473371754276406890199894663301
532902673525107974715201209544003488711005785972
182370499970437534045682470429275163480694322762
548203874903551748498721621093383956533466978431
683321014453182663686619776956947945082461065872
339172278065128396878694532789148482564997086421
536363357250469805037916653914353458787374658760
12196645091006573830251930356332343653174687571
73948404858063065494653657314541783648901951861
391452148106019913317022892501639422294380879923
251897567452983724260350055663436536409738346361
10091766607176834202498018315358211410819598777
563716541052746040678326353318222886569974980436
381872304580866441388931659364386776809330188219
83957205514296645010561270009345970775965292526
128958022129947773144850387218136298501103982204
122869903927685855626612414949803304286130042970
58935860633207827480928792034484438479725161786
572944900276050170466408097073545319813695452216
506632691415877704462738132551021161274476734692
238481387070579920951043983781007827281589800396
216665677583172253840071196035005736624515281372
294265313807720296924565188136948904567383476354
112143974430320341428065321637563592899915290325
590182223792001942777068046021806535569895291284
173558467503636605427838381705532312248047632913
248589158423992956844521177787979853316444950540
6037142251759638914790879525232878054692118531
396707088394560409888684691869569438644471512524
134789141842174754654135541713380735506739841036
303148927185810468825957794607764200163575406273
100015396695746971048360658293290515881974769637
162741657601189428666188802718516354054102542180
422798895004831391405197367721047469777819352229
169010482670631393202651459140756021117551748372
649357082275452049755252613933119970832197685950
609742024524077219999707335831811250421709023884
442902204572128384915017843428401803456733279334
481867304027177064613528625513685917844264692241
343535527823571653840616489454514061345099847349
594158058426754379977769356387654990496921412604
606010876150262706949886737769211349765839181113
238713276130137268980782875183603883080354884847
226474558613161615809703463766782753534842026374
694628329651046728191247905362990087616349637477
533974390592164484015923821474115121460679738648
6185290902270647277179197920182508018252782781
191077994254874463296352212759681305136326933485
236244355038602145262128436568032233544173011981
55372951063426650465093364427808688168525087090
564855006407968854071560300949119983599054541206
170475815439971007500996408887072962301965484623
646766092923889736346046726622778212908943535296
142045392223479881885947679268173336982200774878
501577883972902016243824607723339423610690687855
613831025558240629509417511247291260085923137461
704733495335006870140438849774301569118820595561
355592020470643656952986622625083751554969549561
584613091734231994359190905245998732346191569487
718268646312169595205203194023477732057798557591
542036545438753725977271065198831914392803623148
629676986053846412205914343774846026036939126185
569331734885768522323948624613987650142630045818
102928054707070739352862594513178829133700099042
212409338146418101462177254773620927217460096497
52640345411579740720864491200963441112768165761
530592846870799044972583227521573572200183444965
308455552379615996836406237788994979137017049057
697490510599041415929716768499434181794220820881
639817880347822694850212461499144896470368120228
677902442516800268861600349520742940035344240358
467848008507074456440085035008598776845462967208
16940961030118460580548995974163922697304110439
384218884562361003990919206525739037905594249796
708649476455727410716777547976715912778352543272
334390342662247596546430396815762641408275743900
268156249090258507460827133641935117206845436833
15488681208791561179549474513227401779203963069
239406328494915361581813871509070495929626557510
319396908190661550658330773137976446846424585806
413744629745120998974456569015866872641850216884
528352237096970865767959089324002680488068656252
63954170523649466047008326625698750001341578323
629453927292395545143539992687016331110358425989
313752104331487758928735832145167372347415992374
709778370423427558561219315819174061205733890744
480223762446085931288663899352426952016710999979
691764834264469089220392954150689507210745072595
631548977808254730649693363533137665833375627835
493050604651161787389457528925839728212096934854
13853902922826100804731169615209899496525478735
397259797942422164633049174366624207278573838096
563571506105549644987141260868978693210490655286
396214856530314564483736025735209015470180689388
493627904335731766077809931445316184724779484881
402807125774822721213155817566420291627682909347
583597562724328488532794911061501564849946574994
454887010554493846082229222505485254230181393318
63275854290393046052749193112568865794107579540
717472736269017057185304118709464030141791261846
280804266408682813589895250141371619083900081245
667983907882165241756920839527245135180043563265
637867663921043962469756413738919701071844820564
527312716860289132861575724085401980614525555422
110634846751163547108611498954108167856113311944
236852257510535758337719714287671179052215469039
694373282245546143297400868000078128162665908850
399887613384978713315951348034028333071828724021
717224468603885728714052674105576300618766448195
669239389859435540172279931240613549748671849725
683384298589739603387498270194112612596497328805
358111616375436136423399529549780120436321174656
75385300569051500082047294542124313503866672675
388518649701880591123522754468165581382207432499
302066862960739543992030973996753751135463948356
21107292121088743967515690048953948333766700523
